0.14022735717826376 0.14022735717826376
0.7884028012570109 0.7884028012570109
0.7627455804696504 0.7627455804696504
0.626881250354572 0.626881250354572
0.4925995659460772 0.4925995659460772
0.36241078706126956 0.36241078706126956
0.7149700823502677 0.7149700823502677
0.9173086474776017 0.9173086474776017
0.9393259905850325 0.9393259905850325
0.36630606142169636 0.36630606142169636
0.5340527560789353 0.5340527560789353
0.9683327814073376 0.9683327814073376
0.6715554163715469 0.6715554163715469
0.6074483702570589 0.6074483702570589
0.4297203288871105 0.4297203288871105
0.3811019105838452 0.3811019105838452
0.575956066180629 0.575956066180629
0.9438058031955611 0.9438058031955611
0.40927317231704224 0.40927317231704224
0.05299138098519463 0.05299138098519463
0.11818046859609156 0.11818046859609156
0.17756436377411192 0.17756436377411192
0.5381300610200098 0.5381300610200098
0.4469297685347588 0.4469297685347588
0.7584652017790402 0.7584652017790402
0.3305761206446382 0.3305761206446382
0.5278482324001049 0.5278482324001049
0.24668401761259542 0.24668401761259542
0.1813568553725539 0.1813568553725539
0.1020372952941755 0.1020372952941755
0.16609060743451057 0.16609060743451057
0.4728511487848121 0.4728511487848121
0.2951538324949448 0.2951538324949448
0.07608660912673217 0.07608660912673217
0.19126420944755487 0.19126420944755487
0.6035785142323958 0.6035785142323958
0.3534248592186347 0.3534248592186347
0.32484762692704866 0.32484762692704866
0.5750327041042458 0.5750327041042458
0.8346543655048 0.8346543655048
0.37795115463845036 0.37795115463845036
0.15094610625317686 0.15094610625317686
0.9000143061236645 0.9000143061236645
0.1920016626965301 0.1920016626965301
0.765845073787053 0.765845073787053
0.6112605836646776 0.6112605836646776
0.8962846800798026 0.8962846800798026
0.6643700786506949 0.6643700786506949
0.8972261645135375 0.8972261645135375
0.3690864273914937 0.3690864273914937
0.7099989714611111 0.7099989714611111
0.8225439995109199 0.8225439995109199
0.4520712356965016 0.4520712356965016
0.26952633151030186 0.26952633151030186
0.6609810754192146 0.6609810754192146
0.06441845141335091 0.06441845141335091
0.11915653565290031 0.11915653565290031
0.8668701880521429 0.8668701880521429
0.17751557613077787 0.17751557613077787
0.6965190297181989 0.6965190297181989
0.7641626837826212 0.7641626837826212
0.7790331451795819 0.7790331451795819
0.8769962195627548 0.8769962195627548
0.6120755676549191 0.6120755676549191
0.9935693335535611 0.9935693335535611
0.8039746342317382 0.8039746342317382
0.11292503005229983 0.11292503005229983
0.18618785777918126 0.18618785777918126
0.817863181897325 0.817863181897325
0.4801118320473185 0.4801118320473185
0.9933849488207467 0.9933849488207467
0.8723883296037483 0.8723883296037483
0.31341692643787894 0.31341692643787894
0.18584950389284496 0.18584950389284496
0.3834412550911776 0.3834412550911776
0.7910525443221758 0.7910525443221758
0.4270015482006116 0.4270015482006116
0.8325402072738834 0.8325402072738834
0.5598873964288886 0.5598873964288886
0.2855870412449181 0.2855870412449181
0.702388229538208 0.702388229538208
0.1392519486464934 0.1392519486464934
0.46006958245346524 0.46006958245346524
0.40143082210723785 0.40143082210723785
0.5764929753655478 0.5764929753655478
0.5701538434686254 0.5701538434686254
0.09236242773233862 0.09236242773233862
0.3136516226869404 0.3136516226869404
0.5985976466162104 0.5985976466162104
0.2800863427934081 0.2800863427934081
0.5736495547954517 0.5736495547954517
0.838512782729456 0.838512782729456
0.03896302027832677 0.03896302027832677
0.07830431608591516 0.07830431608591516
0.7009434928143867 0.7009434928143867
0.08844717547173321 0.08844717547173321
0.35969536589191037 0.35969536589191037
0.2958332129473928 0.2958332129473928
0.6353840540077212 0.6353840540077212
0.3444208078326138 0.3444208078326138
0.24403114496094117 0.24403114496094117
0.7163360661225526 0.7163360661225526
0.31369902155452817 0.31369902155452817
0.7776266987122844 0.7776266987122844
0.7887865097613572 0.7887865097613572
0.15477188211072593 0.15477188211072593
0.049918796162718444 0.049918796162718444
0.07070565879697656 0.07070565879697656
0.12395970511141564 0.12395970511141564
0.19848868304921777 0.19848868304921777
0.256902109259948 0.256902109259948
0.036653018908323294 0.036653018908323294
0.29928453951098527 0.29928453951098527
0.8009507008701469 0.8009507008701469
0.397045882911741 0.397045882911741
0.8588172609333522 0.8588172609333522
0.8332195305608642 0.8332195305608642
0.10591632205184388 0.10591632205184388
0.310674938327204 0.310674938327204
0.572138283765243 0.572138283765243
0.1301458070649343 0.1301458070649343
0.709257364320142 0.709257364320142
0.33072372069635064 0.33072372069635064
0.12028909381935605 0.12028909381935605
0.7685134226358312 0.7685134226358312
0.14676812110372986 0.14676812110372986
0.6220098138949254 0.6220098138949254
0.7696004662944343 0.7696004662944343
0.47074503942354423 0.47074503942354423
0.6186653047771608 0.6186653047771608
0.5351907602901782 0.5351907602901782
0.10541438754522948 0.10541438754522948
0.9011437682755434 0.9011437682755434
0.4366868465805727 0.4366868465805727
0.11646128502398269 0.11646128502398269
0.2007964713695908 0.2007964713695908
0.23703668561486538 0.23703668561486538
0.5661321792116577 0.5661321792116577
0.6017309367148825 0.6017309367148825
0.04898533261725702 0.04898533261725702
0.22832322456621648 0.22832322456621648
0.23291366426452256 0.23291366426452256
0.48128780517541764 0.48128780517541764
0.40081668752635896 0.40081668752635896
0.38891631863086723 0.38891631863086723
0.05881088454304285 0.05881088454304285
0.5184510044275321 0.5184510044275321
0.9903402624505302 0.9903402624505302
0.6426523631182909 0.6426523631182909
0.9577719393614295 0.9577719393614295
0.862858560241132 0.862858560241132
0.26581894134031 0.26581894134031
0.47029013622396937 0.47029013622396937
0.41669243203632983 0.41669243203632983
0.05968729584366351 0.05968729584366351
0.034411734249359734 0.034411734249359734
0.8001781677810724 0.8001781677810724
0.05226236817084862 0.05226236817084862
0.19573791883705885 0.19573791883705885
0.4386744772660676 0.4386744772660676
0.32540446146230234 0.32540446146230234
0.1750403816434362 0.1750403816434362
0.11470010910828778 0.11470010910828778
0.401303249847989 0.401303249847989
0.09282796958207064 0.09282796958207064
0.9718181003929632 0.9718181003929632
0.7059325170514434 0.7059325170514434
0.8637859651280704 0.8637859651280704
0.1380938052982004 0.1380938052982004
0.8025429263460695 0.8025429263460695
0.44036964641424053 0.44036964641424053
0.8995067768533735 0.8995067768533735
0.006546431334060744 0.006546431334060744
0.8736127115356219 0.8736127115356219
0.475729188765097 0.475729188765097
0.08348129039767362 0.08348129039767362
0.5074055676536471 0.5074055676536471
0.911447384346385 0.911447384346385
0.8476441792815387 0.8476441792815387
0.10337259062967431 0.10337259062967431
0.5311631932822336 0.5311631932822336
0.8828593492043151 0.8828593492043151
0.7485519635589032 0.7485519635589032
0.8114478519414494 0.8114478519414494
0.1537555241519543 0.1537555241519543
0.22404298777565426 0.22404298777565426
0.5770571797994731 0.5770571797994731
0.12837046020443646 0.12837046020443646
0.3879135621498297 0.3879135621498297
0.049546470189695165 0.049546470189695165
0.007709486632312746 0.007709486632312746
0.7167031031275611 0.7167031031275611
0.010451261550828208 0.010451261550828208
0.8520662617201342 0.8520662617201342
0.6025953605160086 0.6025953605160086
0.7758218668065918 0.7758218668065918
0.651987790690988 0.651987790690988
0.5927821447185097 0.5927821447185097
0.7329431633170109 0.7329431633170109
0.6199891939509089 0.6199891939509089
0.8174822699385466 0.8174822699385466
0.8718151154114396 0.8718151154114396
0.4981524862750614 0.4981524862750614
0.3537403848281427 0.3537403848281427
0.47888326282887167 0.47888326282887167
0.8264366731598237 0.8264366731598237
0.5311076507153012 0.5311076507153012
0.6738507896241644 0.6738507896241644
0.6808409552108898 0.6808409552108898
0.5257220252385547 0.5257220252385547
0.5303669618853568 0.5303669618853568
0.8532672375242754 0.8532672375242754
0.14437010329291636 0.14437010329291636
0.058678017272626455 0.058678017272626455
0.8897092105560581 0.8897092105560581
0.15532772319947033 0.15532772319947033
0.5589541371472183 0.5589541371472183
0.5569961595119116 0.5569961595119116
0.3836657237666872 0.3836657237666872
0.9099130699124246 0.9099130699124246
0.47010215488979606 0.47010215488979606
0.5194989671805258 0.5194989671805258
0.09781608246761377 0.09781608246761377
0.6376463621752798 0.6376463621752798
0.23658919999659037 0.23658919999659037
0.3503203424336276 0.3503203424336276
0.24118513244657383 0.24118513244657383
0.5841274745350942 0.5841274745350942
0.4556566205558736 0.4556566205558736
0.5778572777031435 0.5778572777031435
0.2594220898594732 0.2594220898594732
0.9170489168928532 0.9170489168928532
0.9841658035810569 0.9841658035810569
0.7369713003933216 0.7369713003933216
0.6415775062018023 0.6415775062018023
0.45370262306404957 0.45370262306404957
0.33961243132189517 0.33961243132189517
0.8402498368318679 0.8402498368318679
0.008081023248056486 0.008081023248056486
0.1282495711389761 0.1282495711389761
0.7425182453262857 0.7425182453262857
0.49507137478927815 0.49507137478927815
0.9092750332990155 0.9092750332990155
0.38750740126267996 0.38750740126267996
0.029472237414309713 0.029472237414309713
0.3163133556859928 0.3163133556859928
0.5821373212746443 0.5821373212746443
0.18679052247781028 0.18679052247781028
0.12307011893385468 0.12307011893385468
0.15130489147483053 0.15130489147483053
0.3724050433854194 0.3724050433854194
0.17847864527031013 0.17847864527031013
0.5086978116725636 0.5086978116725636
0.9063799768430327 0.9063799768430327
0.10614851455191622 0.10614851455191622
0.9149457635022611 0.9149457635022611
0.2272596211573449 0.2272596211573449
0.9994850194187487 0.9994850194187487
0.11176692458534389 0.11176692458534389
0.3068378787823703 0.3068378787823703
0.6847506767503655 0.6847506767503655
0.3484694174331164 0.3484694174331164
0.5679729047349209 0.5679729047349209
0.155327327312931 0.155327327312931
0.8224890181598635 0.8224890181598635
0.728598900609365 0.728598900609365
0.3814272189752919 0.3814272189752919
0.560184547859936 0.560184547859936
0.6548249988143975 0.6548249988143975
0.588139245653969 0.588139245653969
0.14461751534827386 0.14461751534827386
0.23287410202287187 0.23287410202287187
0.18756945309345 0.18756945309345
0.379514107976096 0.379514107976096
0.30946594858732973 0.30946594858732973
0.20725513257225994 0.20725513257225994
0.6888966092700634 0.6888966092700634
0.3759342252952223 0.3759342252952223
0.5818657825324236 0.5818657825324236
0.12043163678439552 0.12043163678439552
0.9638065086926025 0.9638065086926025
0.6566075263989986 0.6566075263989986
0.7906422431926992 0.7906422431926992
0.23125863902817614 0.23125863902817614
0.8254831469254392 0.8254831469254392
0.13471803915841232 0.13471803915841232
0.8891137827288066 0.8891137827288066
0.46614812592597005 0.46614812592597005
0.9389364898554046 0.9389364898554046
0.46822277990198397 0.46822277990198397
0.5269996450874742 0.5269996450874742
0.46296922161919024 0.46296922161919024
0.9893781682280787 0.9893781682280787
0.6126035544839435 0.6126035544839435
0.36486432874764124 0.36486432874764124
0.40928133952078766 0.40928133952078766
0.8113222619399062 0.8113222619399062
0.09831118483759084 0.09831118483759084
0.5381241546249209 0.5381241546249209
0.5137733522578039 0.5137733522578039
0.6021339522158791 0.6021339522158791
0.20733038014897523 0.20733038014897523
0.4979701071212062 0.4979701071212062
0.9870823039144908 0.9870823039144908
0.4597076855414895 0.4597076855414895
0.37984839000926246 0.37984839000926246
0.1088566655362413 0.1088566655362413
0.8090867919907851 0.8090867919907851
0.10327206420722947 0.10327206420722947
0.8295878187896055 0.8295878187896055
0.20736483680880416 0.20736483680880416
0.7425992394133485 0.7425992394133485
0.6477054489596121 0.6477054489596121
0.9154083348141766 0.9154083348141766
0.4076522262059484 0.4076522262059484
0.030619599674654777 0.030619599674654777
0.10183027974249538 0.10183027974249538
0.5193424026241047 0.5193424026241047
0.6183302193098106 0.6183302193098106
0.057973283602978494 0.057973283602978494
0.7697020589166631 0.7697020589166631
0.820199047723884 0.820199047723884
0.05628233734796285 0.05628233734796285
0.821357623933679 0.821357623933679
0.8585494082084821 0.8585494082084821
0.11266657364048195 0.11266657364048195
0.11029869860471354 0.11029869860471354
0.7244265656760345 0.7244265656760345
0.38301511499380275 0.38301511499380275
0.741945262655256 0.741945262655256
0.017016087875413203 0.017016087875413203
0.8036980716667536 0.8036980716667536
0.7755208474513141 0.7755208474513141
0.6362265905621766 0.6362265905621766
0.6480874842439533 0.6480874842439533
0.7260602657720443 0.7260602657720443
0.4412252863952277 0.4412252863952277
0.08130113187219247 0.08130113187219247
0.4122192253700329 0.4122192253700329
0.41927168465091363 0.41927168465091363
0.46075068534271385 0.46075068534271385
0.7174825209808141 0.7174825209808141
0.7369834611093037 0.7369834611093037
0.2858972742348865 0.2858972742348865
0.8190811158918962 0.8190811158918962
0.0115009938682763 0.0115009938682763
0.006808412235468576 0.006808412235468576
0.5629934138881668 0.5629934138881668
0.0648811296488332 0.0648811296488332
0.6513981857791962 0.6513981857791962
0.21607462925482637 0.21607462925482637
0.10136297194015721 0.10136297194015721
0.0023709946895797977 0.0023709946895797977
0.2674229549736688 0.2674229549736688
0.9719975457222444 0.9719975457222444
0.6724820193880297 0.6724820193880297
0.9758019109896504 0.9758019109896504
0.2774302162937649 0.2774302162937649
0.8787954675579757 0.8787954675579757
0.46675785568236455 0.46675785568236455
0.6731325998963735 0.6731325998963735
0.8780240040726843 0.8780240040726843
0.37055008993678357 0.37055008993678357
0.04866299792252971 0.04866299792252971
0.7936774995245937 0.7936774995245937
0.6698925179995006 0.6698925179995006
0.8389659550742693 0.8389659550742693
0.17285680012252816 0.17285680012252816
0.9092617420195508 0.9092617420195508
0.9100456838723673 0.9100456838723673
0.8448670108350846 0.8448670108350846
0.24979006547218244 0.24979006547218244
0.17461459394543213 0.17461459394543213
0.6636167398246042 0.6636167398246042
0.8490529623211194 0.8490529623211194
0.5666151518655468 0.5666151518655468
0.7242304737137456 0.7242304737137456
0.23374523020513074 0.23374523020513074
0.12027301654463253 0.12027301654463253
0.8105952634569433 0.8105952634569433
0.05270756190843629 0.05270756190843629
0.4560383060129652 0.4560383060129652
0.4064945419340917 0.4064945419340917
0.13150136957957628 0.13150136957957628
0.7990432130765622 0.7990432130765622
0.21570796234893788 0.21570796234893788
0.6076725312805897 0.6076725312805897
0.7586603697331571 0.7586603697331571
0.11679587657514535 0.11679587657514535
0.12261948341952701 0.12261948341952701
0.5131408996036325 0.5131408996036325
0.5004230910950859 0.5004230910950859
0.5094255547575968 0.5094255547575968
0.2165567791874702 0.2165567791874702
0.15135907535216878 0.15135907535216878
0.7208811507611634 0.7208811507611634
0.977951726739434 0.977951726739434
0.23938373942953242 0.23938373942953242
0.1425367433521352 0.1425367433521352
0.9841895974152834 0.9841895974152834
0.1925408362156237 0.1925408362156237
0.1622335915149519 0.1622335915149519
0.30857469228977347 0.30857469228977347
0.7235981637237286 0.7235981637237286
0.7170020703376278 0.7170020703376278
0.8818451763179754 0.8818451763179754
0.3362519155569163 0.3362519155569163
0.4362026865601671 0.4362026865601671
0.13426572401102402 0.13426572401102402
0.7226332439172769 0.7226332439172769
0.9803289282761379 0.9803289282761379
0.7891628803864148 0.7891628803864148
0.3605858501191043 0.3605858501191043
0.9579125814567642 0.9579125814567642
0.053787983154184656 0.053787983154184656
0.0037579230476687546 0.0037579230476687546
0.3173289801545331 0.3173289801545331
0.30930437304374286 0.30930437304374286
0.35237788011589105 0.35237788011589105
0.42180913660955405 0.42180913660955405
0.7583367849666631 0.7583367849666631
0.518938872895235 0.518938872895235
0.18767288732810164 0.18767288732810164
0.47764334011339366 0.47764334011339366
0.663446719825593 0.663446719825593
0.0659941584162307 0.0659941584162307
0.25475310136043344 0.25475310136043344
0.9420410832376434 0.9420410832376434
0.6486440746794232 0.6486440746794232
0.6925375991346177 0.6925375991346177
0.21111695095132924 0.21111695095132924
0.9206984095453636 0.9206984095453636
0.5577523290322909 0.5577523290322909
0.37356152465068165 0.37356152465068165
0.1258602964672381 0.1258602964672381
0.3200555627475801 0.3200555627475801
0.016066979809670093 0.016066979809670093
0.39056947943720094 0.39056947943720094
0.05848141044906364 0.05848141044906364
0.11712093000395275 0.11712093000395275
0.5283113735965487 0.5283113735965487
0.6922636529087832 0.6922636529087832
0.283282581442527 0.283282581442527
0.8301023400964748 0.8301023400964748
0.5188187938721736 0.5188187938721736
0.3506446798373242 0.3506446798373242
0.9369294270569455 0.9369294270569455
0.3866262919076832 0.3866262919076832
0.5422381873600728 0.5422381873600728
0.3829074674451644 0.3829074674451644
0.30335694664478746 0.30335694664478746
0.5671248709991658 0.5671248709991658
0.4114164400113754 0.4114164400113754
0.8070522407869252 0.8070522407869252
0.4323863125966037 0.4323863125966037
0.862702524668851 0.862702524668851
0.38277397122171636 0.38277397122171636
0.06436776736873508 0.06436776736873508
0.6577345820450251 0.6577345820450251
0.08087993255483762 0.08087993255483762
0.5910952866054165 0.5910952866054165
0.5781421067311389 0.5781421067311389
0.9835728361480481 0.9835728361480481
0.18829547528704174 0.18829547528704174
0.8366546866350689 0.8366546866350689
0.099490746506544 0.099490746506544
0.22163248263379612 0.22163248263379612
0.9807457384687382 0.9807457384687382
0.2088813845106902 0.2088813845106902
0.9706444698074222 0.9706444698074222
0.9806175129368709 0.9806175129368709
0.23511514243892598 0.23511514243892598
0.5212376254978767 0.5212376254978767
0.6480918494553515 0.6480918494553515
0.05492666211960374 0.05492666211960374
0.9960753702327508 0.9960753702327508
0.2542129217381846 0.2542129217381846
0.4435520029611271 0.4435520029611271
0.5364233265628183 0.5364233265628183
0.5239299846167572 0.5239299846167572
0.9430640525772395 0.9430640525772395
0.7386944851503214 0.7386944851503214
0.7143238072733029 0.7143238072733029
0.6402072780101744 0.6402072780101744
0.6002195364491603 0.6002195364491603
0.5610371220705522 0.5610371220705522
0.8782824817927352 0.8782824817927352
0.8192924844258016 0.8192924844258016
0.3028091603814474 0.3028091603814474
0.24387768475182806 0.24387768475182806
0.8079375915846693 0.8079375915846693
0.07550178934169706 0.07550178934169706
0.1461025890368496 0.1461025890368496
0.18866680124967664 0.18866680124967664
0.8394953407780038 0.8394953407780038
0.6056716931402074 0.6056716931402074
0.6206703497132066 0.6206703497132066
0.3095674550294349 0.3095674550294349
0.9769349957624777 0.9769349957624777
0.8717324386160017 0.8717324386160017
0.2874748219813969 0.2874748219813969
0.9421904040453811 0.9421904040453811
0.5315944318848276 0.5315944318848276
0.7123652360249692 0.7123652360249692
0.7699643830794937 0.7699643830794937
0.3998295718536327 0.3998295718536327
0.4864020794812653 0.4864020794812653
0.31158387497136025 0.31158387497136025
0.22532578557589525 0.22532578557589525
0.34147814786616176 0.34147814786616176
0.417207057143888 0.417207057143888
0.1918325794788587 0.1918325794788587
0.8268839823570496 0.8268839823570496
0.7455009492996338 0.7455009492996338
0.03205885595184355 0.03205885595184355
0.7439563374378741 0.7439563374378741
0.5788769181202291 0.5788769181202291
0.6345117830834864 0.6345117830834864
0.22006564810484167 0.22006564810484167
0.41652230323152256 0.41652230323152256
0.6091878281515724 0.6091878281515724
0.3103297004352597 0.3103297004352597
0.08629665994927506 0.08629665994927506
0.8873583571674495 0.8873583571674495
0.8182724371904181 0.8182724371904181
0.9337698626067857 0.9337698626067857
0.8777593609702481 0.8777593609702481
0.17977959395274848 0.17977959395274848
0.2753060986441295 0.2753060986441295
0.9505792166829923 0.9505792166829923
0.69032613387889 0.69032613387889
0.5255645934411697 0.5255645934411697
0.669028355399934 0.669028355399934
0.5225871994478494 0.5225871994478494
0.32625457645753414 0.32625457645753414
0.8712666424205354 0.8712666424205354
0.9410227849310627 0.9410227849310627
0.6287795322238033 0.6287795322238033
0.02099581824420971 0.02099581824420971
0.25792839953474217 0.25792839953474217
0.9261779838486894 0.9261779838486894
0.9402552528274937 0.9402552528274937
0.1484350549602095 0.1484350549602095
0.6131597228711051 0.6131597228711051
0.13003984478838462 0.13003984478838462
0.019517603286675848 0.019517603286675848
0.38327664622542706 0.38327664622542706
0.2085283346917424 0.2085283346917424
0.8571219214737219 0.8571219214737219
0.7103688429869733 0.7103688429869733
0.824013781260383 0.824013781260383
0.222516712780116 0.222516712780116
0.504464414405801 0.504464414405801
0.4003530998023022 0.4003530998023022
0.1294332668305809 0.1294332668305809
0.3025812934110434 0.3025812934110434
0.7514013048808095 0.7514013048808095
0.035777607883001 0.035777607883001
0.6593551170308772 0.6593551170308772
0.7556371607208408 0.7556371607208408
0.8952068990068716 0.8952068990068716
0.25281389477797805 0.25281389477797805
0.03660852191844755 0.03660852191844755
0.2829488915686124 0.2829488915686124
0.1650488365036338 0.1650488365036338
0.23882671460249552 0.23882671460249552
0.4373276399308758 0.4373276399308758
0.24543263270657426 0.24543263270657426
0.034645684338040834 0.034645684338040834
0.791951088366827 0.791951088366827
0.6171371032464004 0.6171371032464004
0.456267312698357 0.456267312698357
0.600326837011931 0.600326837011931
0.9459583911051328 0.9459583911051328
0.27435001652621155 0.27435001652621155
0.6767033567845727 0.6767033567845727
0.07460394124425564 0.07460394124425564
0.02492035617698696 0.02492035617698696
0.2078342954328211 0.2078342954328211
0.8477807393046525 0.8477807393046525
0.37091301607991195 0.37091301607991195
0.39083998793597424 0.39083998793597424
0.8177654484568685 0.8177654484568685
0.955858593385688 0.955858593385688
0.5258918217791834 0.5258918217791834
0.7347853996639929 0.7347853996639929
0.04932311932523848 0.04932311932523848
0.505168059077972 0.505168059077972
0.9960117654852152 0.9960117654852152
0.580476091248023 0.580476091248023
0.8276438609389063 0.8276438609389063
0.0976046086138014 0.0976046086138014
0.03722200794159581 0.03722200794159581
0.7839879684560104 0.7839879684560104
0.8073115296144203 0.8073115296144203
0.44379185869378895 0.44379185869378895
0.34807883529778555 0.34807883529778555
0.405701483452889 0.405701483452889
0.6994558335775771 0.6994558335775771
0.1576475134912422 0.1576475134912422
0.6311560602068158 0.6311560602068158
0.658105847996472 0.658105847996472
0.6584197310832196 0.6584197310832196
0.3386174790748497 0.3386174790748497
0.7226803317884993 0.7226803317884993
0.205115872484987 0.205115872484987
0.7701434394533878 0.7701434394533878
0.8409075920089659 0.8409075920089659
0.6535139080122656 0.6535139080122656
0.5460129080339875 0.5460129080339875
0.9218399193341404 0.9218399193341404
0.8361011347688154 0.8361011347688154
0.9048062238331384 0.9048062238331384
0.9481923666120226 0.9481923666120226
0.2832073105255463 0.2832073105255463
0.9610984316020926 0.9610984316020926
0.4330147846751938 0.4330147846751938
0.8678845659572746 0.8678845659572746
0.9062178256267331 0.9062178256267331
0.9401040033639904 0.9401040033639904
0.02956206676716178 0.02956206676716178
0.4034990546454931 0.4034990546454931
0.14189394584390072 0.14189394584390072
0.4854292931078635 0.4854292931078635
0.9181424428960585 0.9181424428960585
0.9567459237285969 0.9567459237285969
0.06686277987048962 0.06686277987048962
0.4794227641226328 0.4794227641226328
0.006938938548820662 0.006938938548820662
0.2703930319518801 0.2703930319518801
0.6086510857043606 0.6086510857043606
0.931459401120089 0.931459401120089
0.336042187270354 0.336042187270354
0.9550304518330472 0.9550304518330472
0.3630235274670594 0.3630235274670594
0.07483108832176912 0.07483108832176912
0.6656017609367654 0.6656017609367654
0.06552159154506822 0.06552159154506822
0.429688249390957 0.429688249390957
0.6560773113130272 0.6560773113130272
0.7369846609019218 0.7369846609019218
0.10719079890694273 0.10719079890694273
0.6747874447132548 0.6747874447132548
0.9645834447037759 0.9645834447037759
0.575389662030036 0.575389662030036
0.8851799275281924 0.8851799275281924
0.45927561110093235 0.45927561110093235
0.26276969865956984 0.26276969865956984
0.1253201592746596 0.1253201592746596
0.2214693905022818 0.2214693905022818
0.10993254391071029 0.10993254391071029
0.5112202172296904 0.5112202172296904
0.6193047010815107 0.6193047010815107
0.8710528673906077 0.8710528673906077
0.9725536079235847 0.9725536079235847
0.397989313254919 0.397989313254919
0.6064236342478811 0.6064236342478811
0.5465176357981983 0.5465176357981983
0.7099248524854527 0.7099248524854527
0.10989034681586486 0.10989034681586486
0.08490673562435937 0.08490673562435937
0.31933385968409106 0.31933385968409106
0.32854948236733345 0.32854948236733345
0.19549178338340403 0.19549178338340403
0.392845637405518 0.392845637405518
0.37763986118739096 0.37763986118739096
0.4257197720571509 0.4257197720571509
0.8980997152825979 0.8980997152825979
0.6186694852091219 0.6186694852091219
0.03805077519965561 0.03805077519965561
0.8545762744113756 0.8545762744113756
0.5858897922921009 0.5858897922921009
0.845118459415877 0.845118459415877
0.827107988461254 0.827107988461254
0.44321790746784223 0.44321790746784223
0.08260200199991531 0.08260200199991531
0.895432302453715 0.895432302453715
0.4671103057943325 0.4671103057943325
0.30315545742489575 0.30315545742489575
0.19355820130404836 0.19355820130404836
0.738115064136967 0.738115064136967
0.6055268538341296 0.6055268538341296
0.2754278791767623 0.2754278791767623
0.6405334958645101 0.6405334958645101
0.09826536705035128 0.09826536705035128
0.7132306184456618 0.7132306184456618
0.576194720257853 0.576194720257853
0.0703751166423109 0.0703751166423109
0.4564108392772889 0.4564108392772889
0.833039157900693 0.833039157900693
0.22432772584210794 0.22432772584210794
0.3752546280955274 0.3752546280955274
0.015341304463409757 0.015341304463409757
0.9359044302201003 0.9359044302201003
0.2854886203148274 0.2854886203148274
0.016915779457009398 0.016915779457009398
0.6043570988729128 0.6043570988729128
0.4497364887427006 0.4497364887427006
0.36720413650033484 0.36720413650033484
0.35599779444699814 0.35599779444699814
0.25366038452549694 0.25366038452549694
0.9665465894964383 0.9665465894964383
0.4860182900176568 0.4860182900176568
0.30532802365546124 0.30532802365546124
0.03898970583231754 0.03898970583231754
0.42603317873837804 0.42603317873837804
0.2839805566351749 0.2839805566351749
0.04945879105660823 0.04945879105660823
0.29255802285181415 0.29255802285181415
0.4920729011528692 0.4920729011528692
0.5810456760565963 0.5810456760565963
0.9646952635291574 0.9646952635291574
0.15289371824112033 0.15289371824112033
0.15697247377870574 0.15697247377870574
0.019937349877473424 0.019937349877473424
0.3968782395522262 0.3968782395522262
0.12921748660602553 0.12921748660602553
0.9679914472264619 0.9679914472264619
0.5157080168058706 0.5157080168058706
0.9785900550416449 0.9785900550416449
0.35057006228970294 0.35057006228970294
0.9325334330461398 0.9325334330461398
0.7278722913314217 0.7278722913314217
0.10942705238160712 0.10942705238160712
0.6809951492725659 0.6809951492725659
0.6353121229541843 0.6353121229541843
0.9110066445939883 0.9110066445939883
0.3755837152246107 0.3755837152246107
0.6431474981812576 0.6431474981812576
0.6892078255809935 0.6892078255809935
0.20692686274269026 0.20692686274269026
0.5403579978916102 0.5403579978916102
0.3898831294407013 0.3898831294407013
0.22658486466308528 0.22658486466308528
0.6328446650871 0.6328446650871
0.6581967303611492 0.6581967303611492
0.2527795008441465 0.2527795008441465
0.4487277809342866 0.4487277809342866
0.3129736068515446 0.3129736068515446
0.8828271950987187 0.8828271950987187
0.9105637909816621 0.9105637909816621
0.7431033191261287 0.7431033191261287
0.6268604054463152 0.6268604054463152
0.20756167952163154 0.20756167952163154
0.27437554823879323 0.27437554823879323
0.982536109446346 0.982536109446346
0.26885922105037824 0.26885922105037824
0.26521102015987935 0.26521102015987935
0.5953077811600466 0.5953077811600466
0.1438627351659321 0.1438627351659321
0.17989460571148733 0.17989460571148733
0.06139926226950199 0.06139926226950199
0.8383147221793051 0.8383147221793051
0.7716577042998046 0.7716577042998046
0.9567123807209801 0.9567123807209801
0.28785124091055786 0.28785124091055786
0.10932810087037804 0.10932810087037804
0.6889217079631115 0.6889217079631115
0.3009762567441783 0.3009762567441783
0.8314776823699315 0.8314776823699315
0.7583211363159593 0.7583211363159593
0.6028289377997649 0.6028289377997649
0.8280128251110381 0.8280128251110381
0.6795247372401939 0.6795247372401939
0.2621614483894826 0.2621614483894826
0.5389595998241495 0.5389595998241495
0.07545490243799392 0.07545490243799392
0.8290883300424142 0.8290883300424142
0.7063448231411791 0.7063448231411791
0.6438509660902769 0.6438509660902769
0.573734672630267 0.573734672630267
0.5271950538753297 0.5271950538753297
0.46555953141920764 0.46555953141920764
0.9987934069061059 0.9987934069061059
0.7370246894605081 0.7370246894605081
0.0929335108075895 0.0929335108075895
0.3252055917748808 0.3252055917748808
0.3060773304462377 0.3060773304462377
0.9377549748091372 0.9377549748091372
0.6570697428712198 0.6570697428712198
0.37674610938771463 0.37674610938771463
0.39905983915570026 0.39905983915570026
0.5646107990722555 0.5646107990722555
0.40370193487208966 0.40370193487208966
0.9667483397506587 0.9667483397506587
0.5814703805316315 0.5814703805316315
0.24253461947175062 0.24253461947175062
0.09529337144837859 0.09529337144837859
0.7171203639242825 0.7171203639242825
0.6597134439113788 0.6597134439113788
0.6839191622396233 0.6839191622396233
0.594702681565352 0.594702681565352
0.05456270145009546 0.05456270145009546
0.5644858320099275 0.5644858320099275
0.9503636828442367 0.9503636828442367
0.3536181506765264 0.3536181506765264
0.9594165870508082 0.9594165870508082
0.227337002448779 0.227337002448779
0.8710984577591009 0.8710984577591009
0.12333640538643133 0.12333640538643133
0.014110953914147963 0.014110953914147963
0.2827017832222743 0.2827017832222743
0.6514620113210099 0.6514620113210099
0.7714888558998902 0.7714888558998902
0.23473410564889854 0.23473410564889854
0.31165144049093435 0.31165144049093435
0.7441662621202896 0.7441662621202896
0.22459635946913128 0.22459635946913128
0.4883439911712703 0.4883439911712703
0.3865234598299208 0.3865234598299208
0.03283354467643585 0.03283354467643585
0.4329577043100699 0.4329577043100699
0.8846442618946484 0.8846442618946484
0.22772677608695782 0.22772677608695782
0.02458065097336482 0.02458065097336482
0.6270509909096624 0.6270509909096624
0.32759569756019397 0.32759569756019397
0.5652897760620549 0.5652897760620549
0.25455170004372313 0.25455170004372313
0.6692137388719902 0.6692137388719902
0.7788005707162223 0.7788005707162223
0.6006752471571142 0.6006752471571142
0.8412249309904346 0.8412249309904346
0.016181810264761957 0.016181810264761957
0.009219616846368186 0.009219616846368186
0.7990763029567655 0.7990763029567655
0.3865475897693786 0.3865475897693786
0.34688918854207734 0.34688918854207734
0.6369009854747152 0.6369009854747152
0.9170884711137001 0.9170884711137001
0.9490971204445351 0.9490971204445351
0.24620793407575595 0.24620793407575595
0.9204582561745166 0.9204582561745166
0.780548761377672 0.780548761377672
0.38206795545643485 0.38206795545643485
0.34569103574636834 0.34569103574636834
0.9718754555546703 0.9718754555546703
0.9387111589796164 0.9387111589796164
0.6621181608041624 0.6621181608041624
0.9013970584603398 0.9013970584603398
0.3611148565593714 0.3611148565593714
0.2966079436913646 0.2966079436913646
0.7946275867166712 0.7946275867166712
0.5773817031275971 0.5773817031275971
0.350679431999016 0.350679431999016
0.3635029394170634 0.3635029394170634
0.5132509706381397 0.5132509706381397
0.4072258561780065 0.4072258561780065
0.8020743199102925 0.8020743199102925
0.8844709764747714 0.8844709764747714
0.09295229878639212 0.09295229878639212
0.058634965621467645 0.058634965621467645
0.7469402434484683 0.7469402434484683
0.1829434646805699 0.1829434646805699
0.9173403746108941 0.9173403746108941
0.08449771707011634 0.08449771707011634
0.0009668070681593256 0.0009668070681593256
0.105842036951887 0.105842036951887
0.8175843917619977 0.8175843917619977
0.0778155123076414 0.0778155123076414
0.3695811418014649 0.3695811418014649
0.9459681376279695 0.9459681376279695
0.015080548614014424 0.015080548614014424
0.5644615226441958 0.5644615226441958
0.9931352209925323 0.9931352209925323
0.6204409260920223 0.6204409260920223
0.47850348734190334 0.47850348734190334
0.5338538789079174 0.5338538789079174
0.28758614001050403 0.28758614001050403
0.5304719352604826 0.5304719352604826
0.44208438802536804 0.44208438802536804
0.4722111306898164 0.4722111306898164
0.8259006596575118 0.8259006596575118
0.06422734811667376 0.06422734811667376
0.16427024216187838 0.16427024216187838
0.3786618831316683 0.3786618831316683
0.11063175731445431 0.11063175731445431
0.6596479954172715 0.6596479954172715
0.8245132102814052 0.8245132102814052
0.7677630919809963 0.7677630919809963
0.4940696014910078 0.4940696014910078
0.6413131548819201 0.6413131548819201
0.7617219264058877 0.7617219264058877
0.8980130227294952 0.8980130227294952
0.5349652417545312 0.5349652417545312
0.27351500041232096 0.27351500041232096
0.6980553297373965 0.6980553297373965
0.601992285414659 0.601992285414659
0.9442811845467917 0.9442811845467917
0.7829162706794005 0.7829162706794005
0.6651196607591451 0.6651196607591451
0.0819578051821155 0.0819578051821155
0.6167057414829648 0.6167057414829648
0.10929772568175834 0.10929772568175834
0.7268220167672266 0.7268220167672266
0.2629046378825693 0.2629046378825693
0.44663310537723905 0.44663310537723905
0.6920299954064706 0.6920299954064706
0.6930148092492305 0.6930148092492305
0.283151167518312 0.283151167518312
0.7610192727868276 0.7610192727868276
0.5632773954181801 0.5632773954181801
0.9031827474557104 0.9031827474557104
0.7741330936584838 0.7741330936584838
0.7097739866351697 0.7097739866351697
0.90893808789013 0.90893808789013
0.7678349391387692 0.7678349391387692
0.03193240706633516 0.03193240706633516
0.7976530924084834 0.7976530924084834
0.7783595086833262 0.7783595086833262
0.26875954111342976 0.26875954111342976
0.6962769861403467 0.6962769861403467
0.6970995430264981 0.6970995430264981
0.3383197131458275 0.3383197131458275
0.5191205829133556 0.5191205829133556
0.6350647156729599 0.6350647156729599
0.9143012885285755 0.9143012885285755
0.21719904662786008 0.21719904662786008
0.5417786133842513 0.5417786133842513
0.03947648660814907 0.03947648660814907
0.7611047602612436 0.7611047602612436
0.2586553624767887 0.2586553624767887
0.1275550605531475 0.1275550605531475
0.4539837345985929 0.4539837345985929
0.662094908976298 0.662094908976298
0.7287084769310469 0.7287084769310469
0.016119204885001962 0.016119204885001962
0.5195704623746138 0.5195704623746138
0.7805407514105378 0.7805407514105378
0.4875043645376547 0.4875043645376547
0.358976872353084 0.358976872353084
0.2731356502116225 0.2731356502116225
0.1765354626910333 0.1765354626910333
0.808641247008048 0.808641247008048
0.768192721795496 0.768192721795496
0.5235550569807959 0.5235550569807959
0.1607850158312001 0.1607850158312001
0.5753209189539912 0.5753209189539912
0.3288898960857994 0.3288898960857994
0.724010064144115 0.724010064144115
0.4681170415261035 0.4681170415261035
0.013533951132800206 0.013533951132800206
0.7331578158392066 0.7331578158392066
0.7657058177245726 0.7657058177245726
0.38085225430608965 0.38085225430608965
0.7524656408048531 0.7524656408048531
0.1107805312040794 0.1107805312040794
0.9607819985500633 0.9607819985500633
0.2572537941394613 0.2572537941394613
0.09760183159390624 0.09760183159390624
0.20431873906185596 0.20431873906185596
0.06468667151808961 0.06468667151808961
0.09781217109110275 0.09781217109110275
0.033503367703811356 0.033503367703811356
0.25093239335618595 0.25093239335618595
0.35559258561671253 0.35559258561671253
0.8558011378482278 0.8558011378482278
0.919490050988766 0.919490050988766
0.9831919797508901 0.9831919797508901
0.22979958570722583 0.22979958570722583
0.21897593619793412 0.21897593619793412
0.060424433308887034 0.060424433308887034
0.8562865593577319 0.8562865593577319
0.7538328842377905 0.7538328842377905
0.26839690553199785 0.26839690553199785
0.675170091613463 0.675170091613463
0.18303180739553596 0.18303180739553596
0.04622099789826873 0.04622099789826873
0.057120732930178726 0.057120732930178726
0.8957895592825612 0.8957895592825612
0.7254899955382882 0.7254899955382882
0.9027522921403583 0.9027522921403583
0.7238789892471923 0.7238789892471923
0.33152558494216494 0.33152558494216494
0.5674785535240557 0.5674785535240557
0.14105033239797152 0.14105033239797152
0.6771917660923239 0.6771917660923239
0.5549071343710057 0.5549071343710057
0.9380967396561257 0.9380967396561257
0.42743069726262345 0.42743069726262345
0.5149598673948446 0.5149598673948446
0.9608054558557344 0.9608054558557344
0.5443016831101717 0.5443016831101717
0.5376549139167524 0.5376549139167524
0.2969993820087263 0.2969993820087263
0.8648276484538352 0.8648276484538352
0.038740833571195295 0.038740833571195295
0.8839975154526604 0.8839975154526604
0.8049795083182997 0.8049795083182997
0.5108658913250784 0.5108658913250784
0.48660973157088644 0.48660973157088644
0.41158183597150494 0.41158183597150494
0.4202076793824749 0.4202076793824749
0.009085738724744498 0.009085738724744498
0.4762506660599463 0.4762506660599463
0.08694995712714683 0.08694995712714683
0.8216576095939313 0.8216576095939313
0.7197241515450816 0.7197241515450816
0.3246988050622322 0.3246988050622322
0.17618163221426722 0.17618163221426722
